accuracy,timestamp,checkpoint_dir_name,done,training_iteration,trial_id,date,time_this_iter_s,time_total_s,pid,hostname,node_ip,time_since_restore,iterations_since_restore
0.5,1778601892,,False,1,ad1d8576,2026-05-12_19-04-52,45.66387224197388,45.66387224197388,111363,thinkbook,172.18.0.1,45.66387224197388,1
